11
10
2560 1
2483 154
2252 308
1867 462
1328 616
635 770
2564 67
2564 15
2567 38
2570 19
23
11977 1
11941 72
11833 144
11653 216
11401 288
11077 360
10681 432
10213 504
9673 576
9061 648
8377 720
7621 792
6793 864
5893 936
4921 1008
3877 1080
2761 1152
1573 1224
313 1296
11980 70
11983 37
11982 6
11983 59
27
25056 1
25007 98
24860 196
24615 294
24272 392
23831 490
23292 588
22655 686
21920 784
21087 882
20156 980
19127 1078
18000 1176
16775 1274
15452 1372
14031 1470
12512 1568
10895 1666
9180 1764
7367 1862
5456 1960
3447 2058
1340 2156
25066 9
25061 42
25066 49
25063 39
92
15168 1
15166 4
15160 8
15150 12
15136 16
15118 20
15096 24
15070 28
15040 32
15006 36
14968 40
14926 44
14880 48
14830 52
14776 56
14718 60
14656 64
14590 68
14520 72
14446 76
14368 80
14286 84
14200 88
14110 92
14016 96
13918 100
13816 104
13710 108
13600 112
13486 116
13368 120
13246 124
13120 128
12990 132
12856 136
12718 140
12576 144
12430 148
12280 152
12126 156
11968 160
11806 164
11640 168
11470 172
11296 176
11118 180
10936 184
10750 188
10560 192
10366 196
10168 200
9966 204
9760 208
9550 212
9336 216
9118 220
8896 224
8670 228
8440 232
8206 236
7968 240
7726 244
7480 248
7230 252
6976 256
6718 260
6456 264
6190 268
5920 272
5646 276
5368 280
5086 284
4800 288
4510 292
4216 296
3918 300
3616 304
3310 308
3000 312
2686 316
2368 320
2046 324
1720 328
1390 332
1056 336
718 340
376 344
30 348
15176 39
15170 61
15175 87
15169 90
18
13329 1
13261 136
13057 272
12717 408
12241 544
11629 680
10881 816
9997 952
8977 1088
7821 1224
6529 1360
5101 1496
3537 1632
1837 1768
1 1904
13333 15
13337 19
13334 20
50
11887 1
11882 10
11867 20
11842 30
11807 40
11762 50
11707 60
11642 70
11567 80
11482 90
11387 100
11282 110
11167 120
11042 130
10907 140
10762 150
10607 160
10442 170
10267 180
10082 190
9887 200
9682 210
9467 220
9242 230
9007 240
8762 250
8507 260
8242 270
7967 280
7682 290
7387 300
7082 310
6767 320
6442 330
6107 340
5762 350
5407 360
5042 370
4667 380
4282 390
3887 400
3482 410
3067 420
2642 430
2207 440
1762 450
1307 460
842 470
367 480
11890 66
16
18679 1
18597 164
18351 328
17941 492
17367 656
16629 820
15727 984
14661 1148
13431 1312
12037 1476
10479 1640
8757 1804
6871 1968
4821 2132
2607 2296
229 2460
34
31943 1
31908 70
31803 140
31628 210
31383 280
31068 350
30683 420
30228 490
29703 560
29108 630
28443 700
27708 770
26903 840
26028 910
25083 980
24068 1050
22983 1120
21828 1190
20603 1260
19308 1330
17943 1400
16508 1470
15003 1540
13428 1610
11783 1680
10068 1750
8283 1820
6428 1890
4503 1960
2508 2030
443 2100
31953 80
31948 59
31948 52
18
24163 1
24068 190
23783 380
23308 570
22643 760
21788 950
20743 1140
19508 1330
18083 1520
16468 1710
14663 1900
12668 2090
10483 2280
8108 2470
5543 2660
2788 2850
24168 27
24172 26
33
19481 1
19460 42
19397 84
19292 126
19145 168
18956 210
18725 252
18452 294
18137 336
17780 378
17381 420
16940 462
16457 504
15932 546
15365 588
14756 630
14105 672
13412 714
12677 756
11900 798
11081 840
10220 882
9317 924
8372 966
7385 1008
6356 1050
5285 1092
4172 1134
3017 1176
1820 1218
581 1260
19485 14
19488 41
4
10 3
9 4
9 4
8 100